(((((((aspFum:119.274478,aspRub:119.274478):80.403054,claCla:199.677532):176.592468,(claImm:105.911719,exoDer:105.911719):270.358281)Euro:7.130655,aca
Str:383.400655):7.683993,(((friEnd5311:14.496385,friEnd534:14.496385):55.451341,friSim5184:69.947726):280.192274,horWer:350.140000)Dothid:40.944649):27.822937,s
acCer:418.907586):30.092414,schPom:449.000000)Asco;
